{
 "cells": [
  {
   "cell_type": "code",
   "execution_count": 582,
   "id": "chemical-mystery",
   "metadata": {},
   "outputs": [
    {
     "name": "stdout",
     "output_type": "stream",
     "text": [
      "The autoreload extension is already loaded. To reload it, use:\n",
      "  %reload_ext autoreload\n"
     ]
    }
   ],
   "source": [
    "%load_ext autoreload\n",
    "%autoreload 2"
   ]
  },
  {
   "cell_type": "code",
   "execution_count": 1,
   "id": "technical-helena",
   "metadata": {},
   "outputs": [
    {
     "ename": "ImportError",
     "evalue": "cannot import name 'StanMultinomialOptimizeConsensus' from 'crowdnalysis.cmdstan' (/home/cerquide/prj/crowdnalysis/src/crowdnalysis/cmdstan/__init__.py)",
     "output_type": "error",
     "traceback": [
      "\u001b[0;31m---------------------------------------------------------------------------\u001b[0m",
      "\u001b[0;31mImportError\u001b[0m                               Traceback (most recent call last)",
      "\u001b[0;32m<ipython-input-1-0cee1ed0e9a0>\u001b[0m in \u001b[0;36m<module>\u001b[0;34m\u001b[0m\n\u001b[0;32m----> 1\u001b[0;31m \u001b[0;32mfrom\u001b[0m \u001b[0mcrowdnalysis\u001b[0m\u001b[0;34m.\u001b[0m\u001b[0mcmdstan\u001b[0m \u001b[0;32mimport\u001b[0m \u001b[0mStanMultinomialOptimizeConsensus\u001b[0m\u001b[0;34m,\u001b[0m\u001b[0;31m \u001b[0m\u001b[0;31m\\\u001b[0m\u001b[0;34m\u001b[0m\u001b[0;34m\u001b[0m\u001b[0m\n\u001b[0m\u001b[1;32m      2\u001b[0m         \u001b[0mStanMultinomialEtaOptimizeConsensus\u001b[0m\u001b[0;34m,\u001b[0m\u001b[0;31m \u001b[0m\u001b[0;31m\\\u001b[0m\u001b[0;34m\u001b[0m\u001b[0;34m\u001b[0m\u001b[0m\n\u001b[1;32m      3\u001b[0m         \u001b[0mStanDSOptimizeConsensus\u001b[0m\u001b[0;34m,\u001b[0m\u001b[0;31m \u001b[0m\u001b[0;31m\\\u001b[0m\u001b[0;34m\u001b[0m\u001b[0;34m\u001b[0m\u001b[0m\n\u001b[1;32m      4\u001b[0m         \u001b[0mStanDSEtaOptimizeConsensus\u001b[0m\u001b[0;34m,\u001b[0m\u001b[0;31m \u001b[0m\u001b[0;31m\\\u001b[0m\u001b[0;34m\u001b[0m\u001b[0;34m\u001b[0m\u001b[0m\n\u001b[1;32m      5\u001b[0m         \u001b[0mStanDSEtaHOptimizeConsensus\u001b[0m\u001b[0;34m\u001b[0m\u001b[0;34m\u001b[0m\u001b[0m\n",
      "\u001b[0;31mImportError\u001b[0m: cannot import name 'StanMultinomialOptimizeConsensus' from 'crowdnalysis.cmdstan' (/home/cerquide/prj/crowdnalysis/src/crowdnalysis/cmdstan/__init__.py)"
     ]
    }
   ],
   "source": [
    "from crowdnalysis.cmdstan import StanMultinomialOptimizeConsensus, \\\n",
    "        StanMultinomialEtaOptimizeConsensus, \\\n",
    "        StanDSOptimizeConsensus, \\\n",
    "        StanDSEtaOptimizeConsensus, \\\n",
    "        StanDSEtaHOptimizeConsensus\n",
    "from crowdnalysis.dawid_skene import DawidSkene\n",
    "from scipy.stats import entropy\n",
    "import numpy as np\n",
    "import json\n"
   ]
  },
  {
   "cell_type": "code",
   "execution_count": 598,
   "id": "dominican-measure",
   "metadata": {},
   "outputs": [],
   "source": [
    "ds = DawidSkene()\n",
    "stan_ds = StanDSOptimizeConsensus()\n",
    "stan_dseta = StanDSEtaOptimizeConsensus()\n",
    "stan_dsetah = StanDSEtaHOptimizeConsensus()"
   ]
  },
  {
   "cell_type": "code",
   "execution_count": 599,
   "id": "surface-lemon",
   "metadata": {},
   "outputs": [],
   "source": [
    "def generate_pi(k, noise):\n",
    "    _pi = np.zeros((k,k))\n",
    "    for _k in range(k):\n",
    "        _pi[_k] = np.random.dirichlet(noise*np.ones(k), size=1)[0]\n",
    "        while np.max(np.delete(_pi[_k],_k)) >= _pi[_k,_k]:\n",
    "            _pi[_k] = np.random.dirichlet(noise*np.ones(k), size=1)[0]\n",
    "    return _pi    "
   ]
  },
  {
   "cell_type": "code",
   "execution_count": 600,
   "id": "prime-season",
   "metadata": {},
   "outputs": [
    {
     "data": {
      "text/plain": [
       "array([[0.43901526, 0.24473236, 0.31625238],\n",
       "       [0.20063228, 0.41688836, 0.38247936],\n",
       "       [0.31532128, 0.33947469, 0.34520403]])"
      ]
     },
     "execution_count": 600,
     "metadata": {},
     "output_type": "execute_result"
    }
   ],
   "source": [
    "generate_pi(3,10)"
   ]
  },
  {
   "cell_type": "code",
   "execution_count": 601,
   "id": "attempted-camcorder",
   "metadata": {},
   "outputs": [],
   "source": [
    "def generate_pis(w, k, noise):\n",
    "    _pi = np.zeros((w,k,k))\n",
    "    for _w in range(w):\n",
    "        _pi[_w] = generate_pi(k, noise)\n",
    "    return _pi\n"
   ]
  },
  {
   "cell_type": "code",
   "execution_count": 699,
   "id": "charitable-fireplace",
   "metadata": {},
   "outputs": [
    {
     "name": "stdout",
     "output_type": "stream",
     "text": [
      "{'tau': array([0.1, 0.3, 0.6]), 'pi': array([[[7.42563510e-01, 1.90345381e-01, 6.70911085e-02],\n",
      "        [2.30592312e-01, 7.19389407e-01, 5.00182813e-02],\n",
      "        [1.93550910e-01, 1.55352956e-02, 7.90913794e-01]],\n",
      "\n",
      "       [[7.13459256e-01, 5.52989310e-03, 2.81010851e-01],\n",
      "        [7.97592655e-02, 9.09328709e-01, 1.09120252e-02],\n",
      "        [2.25728639e-02, 7.29374761e-02, 9.04489660e-01]],\n",
      "\n",
      "       [[7.37057595e-01, 2.58627244e-01, 4.31516040e-03],\n",
      "        [3.43114660e-01, 6.30222109e-01, 2.66632310e-02],\n",
      "        [2.41874302e-01, 2.98602537e-01, 4.59523161e-01]],\n",
      "\n",
      "       [[5.78193428e-01, 1.99180735e-02, 4.01888499e-01],\n",
      "        [6.04347364e-03, 9.82195442e-01, 1.17610841e-02],\n",
      "        [3.91897889e-03, 4.40892210e-01, 5.55188811e-01]],\n",
      "\n",
      "       [[5.27521533e-01, 2.94571950e-01, 1.77906518e-01],\n",
      "        [3.17204530e-01, 4.45231616e-01, 2.37563853e-01],\n",
      "        [3.00411977e-01, 2.85525396e-01, 4.14062627e-01]],\n",
      "\n",
      "       [[6.01140886e-01, 1.93939454e-01, 2.04919660e-01],\n",
      "        [1.61772611e-04, 8.64136000e-01, 1.35702228e-01],\n",
      "        [2.37301745e-03, 1.48309199e-02, 9.82796063e-01]],\n",
      "\n",
      "       [[4.74479080e-01, 2.89540066e-01, 2.35980854e-01],\n",
      "        [2.30028184e-03, 9.97450653e-01, 2.49065251e-04],\n",
      "        [3.18743691e-02, 1.97541847e-01, 7.70583784e-01]],\n",
      "\n",
      "       [[4.49799952e-01, 2.65076179e-01, 2.85123869e-01],\n",
      "        [8.08882298e-02, 6.48112045e-01, 2.70999726e-01],\n",
      "        [3.25164387e-01, 2.00278025e-01, 4.74557588e-01]],\n",
      "\n",
      "       [[9.47711300e-01, 2.70512667e-02, 2.52374330e-02],\n",
      "        [3.47415443e-01, 6.52509059e-01, 7.54977625e-05],\n",
      "        [1.84890178e-02, 2.51726833e-01, 7.29784149e-01]],\n",
      "\n",
      "       [[6.54249202e-01, 2.08224243e-01, 1.37526555e-01],\n",
      "        [3.67221426e-02, 6.50071500e-01, 3.13206358e-01],\n",
      "        [9.95169602e-05, 9.85356072e-02, 9.01364876e-01]],\n",
      "\n",
      "       [[9.55199364e-01, 2.05994256e-02, 2.42012104e-02],\n",
      "        [1.17657469e-01, 4.87468413e-01, 3.94874118e-01],\n",
      "        [2.12561085e-01, 2.43668136e-01, 5.43770779e-01]],\n",
      "\n",
      "       [[8.57083833e-01, 1.36734861e-01, 6.18130635e-03],\n",
      "        [3.35791595e-01, 3.82925985e-01, 2.81282420e-01],\n",
      "        [4.05303713e-02, 7.87055114e-02, 8.80764117e-01]],\n",
      "\n",
      "       [[9.90299291e-01, 5.03109653e-03, 4.66961203e-03],\n",
      "        [9.86652310e-02, 4.70568424e-01, 4.30766345e-01],\n",
      "        [1.56838822e-01, 9.22257096e-02, 7.50935469e-01]],\n",
      "\n",
      "       [[5.64158999e-01, 2.22084076e-01, 2.13756926e-01],\n",
      "        [1.29256990e-01, 8.13986546e-01, 5.67564645e-02],\n",
      "        [8.22400628e-02, 9.25425333e-02, 8.25217404e-01]],\n",
      "\n",
      "       [[4.78292384e-01, 1.23803644e-01, 3.97903972e-01],\n",
      "        [1.28685701e-01, 5.85077463e-01, 2.86236836e-01],\n",
      "        [5.48857191e-02, 3.04869815e-01, 6.40244466e-01]],\n",
      "\n",
      "       [[9.87684948e-01, 7.41620129e-03, 4.89885030e-03],\n",
      "        [1.33872070e-03, 9.63986818e-01, 3.46744616e-02],\n",
      "        [5.06844439e-02, 4.65235284e-01, 4.84080272e-01]],\n",
      "\n",
      "       [[8.37590581e-01, 1.40854106e-02, 1.48324008e-01],\n",
      "        [8.46152233e-03, 7.58822385e-01, 2.32716093e-01],\n",
      "        [9.12419610e-03, 4.37590253e-01, 5.53285550e-01]],\n",
      "\n",
      "       [[6.83064496e-01, 2.91248497e-01, 2.56870066e-02],\n",
      "        [1.61147125e-01, 6.64375446e-01, 1.74477429e-01],\n",
      "        [4.35746631e-01, 8.36812159e-02, 4.80572153e-01]],\n",
      "\n",
      "       [[9.78341852e-01, 2.86446904e-03, 1.87936794e-02],\n",
      "        [5.49282291e-03, 9.14313317e-01, 8.01938602e-02],\n",
      "        [1.77400029e-02, 4.06061670e-01, 5.76198328e-01]],\n",
      "\n",
      "       [[7.87963998e-01, 2.92006628e-02, 1.82835339e-01],\n",
      "        [4.56483233e-01, 4.65067818e-01, 7.84489487e-02],\n",
      "        [1.18281320e-01, 4.13163941e-01, 4.68554739e-01]]])}\n"
     ]
    }
   ],
   "source": [
    "t = 100\n",
    "num_annotations_per_task = 3\n",
    "w = 20\n",
    "real_tau = np.array([0.1, 0.3, 0.6])\n",
    "k = len(real_tau)\n",
    "noise = 0.5\n",
    "real_pi = generate_pis(w,k,noise)\n",
    "real_parameters = {'tau':real_tau, 'pi':real_pi}\n",
    "print(real_parameters)\n",
    "t_C, m = ds.sample(t, num_annotations_per_task, parameters = real_parameters)"
   ]
  },
  {
   "cell_type": "code",
   "execution_count": 700,
   "id": "diverse-brazil",
   "metadata": {},
   "outputs": [
    {
     "data": {
      "text/plain": [
       "array([[ 0, 12,  2],\n",
       "       [ 0,  7,  1],\n",
       "       [ 0,  3,  1],\n",
       "       [ 1, 16,  1],\n",
       "       [ 1, 15,  1],\n",
       "       [ 1, 17,  2],\n",
       "       [ 2,  4,  2],\n",
       "       [ 2,  8,  1],\n",
       "       [ 2,  0,  2],\n",
       "       [ 3,  2,  0],\n",
       "       [ 3, 14,  1],\n",
       "       [ 3,  5,  1],\n",
       "       [ 4,  4,  0],\n",
       "       [ 4, 19,  0],\n",
       "       [ 4, 19,  1],\n",
       "       [ 5,  3,  2],\n",
       "       [ 5, 19,  1],\n",
       "       [ 5, 14,  2],\n",
       "       [ 6, 17,  0],\n",
       "       [ 6,  5,  2],\n",
       "       [ 6, 16,  1],\n",
       "       [ 7,  8,  1],\n",
       "       [ 7, 15,  1],\n",
       "       [ 7,  3,  1],\n",
       "       [ 8, 18,  1],\n",
       "       [ 8,  1,  2],\n",
       "       [ 8,  9,  2],\n",
       "       [ 9,  1,  1],\n",
       "       [ 9,  8,  0],\n",
       "       [ 9, 10,  1],\n",
       "       [10, 10,  2],\n",
       "       [10, 13,  1],\n",
       "       [10, 17,  2],\n",
       "       [11, 10,  0],\n",
       "       [11,  0,  0],\n",
       "       [11, 17,  0],\n",
       "       [12, 17,  0],\n",
       "       [12, 17,  2],\n",
       "       [12, 10,  1],\n",
       "       [13,  0,  2],\n",
       "       [13,  6,  2],\n",
       "       [13, 16,  0],\n",
       "       [14, 17,  0],\n",
       "       [14,  7,  2],\n",
       "       [14, 12,  2],\n",
       "       [15, 11,  2],\n",
       "       [15,  8,  1],\n",
       "       [15,  8,  1],\n",
       "       [16, 14,  2],\n",
       "       [16, 16,  2],\n",
       "       [16, 15,  2],\n",
       "       [17, 13,  2],\n",
       "       [17,  4,  1],\n",
       "       [17,  9,  2],\n",
       "       [18,  6,  1],\n",
       "       [18,  6,  2],\n",
       "       [18,  0,  0],\n",
       "       [19, 12,  1],\n",
       "       [19,  3,  1],\n",
       "       [19, 15,  1],\n",
       "       [20, 14,  1],\n",
       "       [20,  2,  1],\n",
       "       [20,  3,  2],\n",
       "       [21,  2,  1],\n",
       "       [21,  2,  1],\n",
       "       [21, 10,  1],\n",
       "       [22, 18,  1],\n",
       "       [22, 10,  0],\n",
       "       [22,  4,  1],\n",
       "       [23, 11,  2],\n",
       "       [23, 17,  0],\n",
       "       [23, 12,  2],\n",
       "       [24, 10,  2],\n",
       "       [24,  1,  1],\n",
       "       [24,  7,  1],\n",
       "       [25,  3,  1],\n",
       "       [25,  0,  2],\n",
       "       [25,  9,  2],\n",
       "       [26, 16,  1],\n",
       "       [26,  9,  2],\n",
       "       [26,  4,  2],\n",
       "       [27,  7,  1],\n",
       "       [27, 17,  2],\n",
       "       [27, 15,  1],\n",
       "       [28,  8,  0],\n",
       "       [28,  7,  2],\n",
       "       [28, 11,  0],\n",
       "       [29,  5,  1],\n",
       "       [29,  5,  1],\n",
       "       [29, 19,  1],\n",
       "       [30,  6,  2],\n",
       "       [30, 16,  1],\n",
       "       [30,  8,  2],\n",
       "       [31,  9,  2],\n",
       "       [31,  3,  0],\n",
       "       [31, 14,  2],\n",
       "       [32, 14,  0],\n",
       "       [32,  8,  0],\n",
       "       [32,  6,  0],\n",
       "       [33,  2,  1],\n",
       "       [33,  9,  1],\n",
       "       [33,  9,  1],\n",
       "       [34,  0,  2],\n",
       "       [34,  4,  0],\n",
       "       [34,  2,  2],\n",
       "       [35, 16,  0],\n",
       "       [35,  6,  0],\n",
       "       [35,  3,  0],\n",
       "       [36,  2,  1],\n",
       "       [36,  4,  2],\n",
       "       [36,  4,  2],\n",
       "       [37,  6,  1],\n",
       "       [37, 17,  1],\n",
       "       [37,  2,  1],\n",
       "       [38, 15,  2],\n",
       "       [38, 18,  2],\n",
       "       [38, 18,  2],\n",
       "       [39,  3,  1],\n",
       "       [39, 13,  1],\n",
       "       [39, 12,  2],\n",
       "       [40,  8,  0],\n",
       "       [40,  7,  1],\n",
       "       [40, 15,  1],\n",
       "       [41, 10,  2],\n",
       "       [41, 13,  2],\n",
       "       [41,  6,  1],\n",
       "       [42, 17,  0],\n",
       "       [42,  1,  2],\n",
       "       [42, 10,  2],\n",
       "       [43, 11,  1],\n",
       "       [43, 16,  2],\n",
       "       [43,  2,  1],\n",
       "       [44, 10,  0],\n",
       "       [44, 16,  1],\n",
       "       [44,  9,  2],\n",
       "       [45,  4,  1],\n",
       "       [45, 15,  2],\n",
       "       [45,  4,  0],\n",
       "       [46, 19,  2],\n",
       "       [46,  6,  2],\n",
       "       [46,  6,  2],\n",
       "       [47, 19,  1],\n",
       "       [47,  3,  2],\n",
       "       [47,  7,  1],\n",
       "       [48, 18,  1],\n",
       "       [48,  5,  2],\n",
       "       [48, 16,  1],\n",
       "       [49, 11,  2],\n",
       "       [49, 12,  2],\n",
       "       [49, 17,  2],\n",
       "       [50, 15,  1],\n",
       "       [50, 11,  0],\n",
       "       [50,  4,  1],\n",
       "       [51, 15,  2],\n",
       "       [51, 11,  2],\n",
       "       [51, 19,  1],\n",
       "       [52, 15,  1],\n",
       "       [52,  9,  2],\n",
       "       [52, 16,  1],\n",
       "       [53, 10,  2],\n",
       "       [53, 17,  1],\n",
       "       [53,  7,  1],\n",
       "       [54, 17,  2],\n",
       "       [54, 12,  2],\n",
       "       [54, 16,  2],\n",
       "       [55, 13,  0],\n",
       "       [55, 19,  2],\n",
       "       [55,  9,  1],\n",
       "       [56,  0,  1],\n",
       "       [56,  7,  0],\n",
       "       [56,  3,  1],\n",
       "       [57,  5,  2],\n",
       "       [57,  7,  2],\n",
       "       [57,  7,  2],\n",
       "       [58, 11,  2],\n",
       "       [58, 16,  2],\n",
       "       [58, 12,  0],\n",
       "       [59,  3,  1],\n",
       "       [59,  2,  0],\n",
       "       [59,  7,  0],\n",
       "       [60,  4,  1],\n",
       "       [60, 14,  0],\n",
       "       [60, 17,  1],\n",
       "       [61, 15,  1],\n",
       "       [61, 10,  0],\n",
       "       [61,  7,  1],\n",
       "       [62,  5,  2],\n",
       "       [62, 16,  2],\n",
       "       [62,  0,  2],\n",
       "       [63,  0,  2],\n",
       "       [63,  9,  2],\n",
       "       [63,  1,  2],\n",
       "       [64,  8,  1],\n",
       "       [64,  4,  1],\n",
       "       [64,  7,  0],\n",
       "       [65, 16,  1],\n",
       "       [65, 16,  1],\n",
       "       [65, 13,  1],\n",
       "       [66,  4,  2],\n",
       "       [66, 10,  0],\n",
       "       [66,  0,  2],\n",
       "       [67, 16,  1],\n",
       "       [67, 17,  1],\n",
       "       [67,  2,  1],\n",
       "       [68, 11,  0],\n",
       "       [68, 15,  0],\n",
       "       [68,  9,  0],\n",
       "       [69,  0,  2],\n",
       "       [69,  5,  2],\n",
       "       [69, 12,  1],\n",
       "       [70,  6,  2],\n",
       "       [70,  0,  2],\n",
       "       [70,  1,  2],\n",
       "       [71, 18,  2],\n",
       "       [71, 11,  1],\n",
       "       [71,  5,  2],\n",
       "       [72,  3,  1],\n",
       "       [72, 19,  2],\n",
       "       [72, 16,  1],\n",
       "       [73,  9,  2],\n",
       "       [73, 12,  2],\n",
       "       [73, 19,  1],\n",
       "       [74, 18,  1],\n",
       "       [74, 17,  2],\n",
       "       [74, 14,  2],\n",
       "       [75, 10,  2],\n",
       "       [75, 16,  1],\n",
       "       [75, 14,  2],\n",
       "       [76, 16,  1],\n",
       "       [76,  6,  2],\n",
       "       [76, 10,  2],\n",
       "       [77,  0,  0],\n",
       "       [77,  9,  1],\n",
       "       [77,  3,  1],\n",
       "       [78,  4,  0],\n",
       "       [78,  1,  1],\n",
       "       [78,  1,  2],\n",
       "       [79, 12,  2],\n",
       "       [79, 19,  0],\n",
       "       [79,  0,  0],\n",
       "       [80, 19,  2],\n",
       "       [80, 15,  1],\n",
       "       [80, 16,  2],\n",
       "       [81, 18,  0],\n",
       "       [81,  8,  0],\n",
       "       [81,  8,  0],\n",
       "       [82, 16,  1],\n",
       "       [82,  6,  2],\n",
       "       [82,  9,  2],\n",
       "       [83, 19,  0],\n",
       "       [83, 12,  2],\n",
       "       [83,  8,  1],\n",
       "       [84, 16,  1],\n",
       "       [84, 17,  1],\n",
       "       [84,  4,  0],\n",
       "       [85,  9,  1],\n",
       "       [85,  6,  1],\n",
       "       [85, 19,  1],\n",
       "       [86,  2,  0],\n",
       "       [86,  2,  1],\n",
       "       [86,  8,  2],\n",
       "       [87, 13,  2],\n",
       "       [87, 13,  2],\n",
       "       [87, 12,  0],\n",
       "       [88, 12,  1],\n",
       "       [88,  2,  1],\n",
       "       [88, 11,  1],\n",
       "       [89,  4,  0],\n",
       "       [89, 14,  1],\n",
       "       [89, 12,  1],\n",
       "       [90, 18,  1],\n",
       "       [90,  2,  1],\n",
       "       [90,  5,  1],\n",
       "       [91,  1,  0],\n",
       "       [91, 16,  0],\n",
       "       [91, 15,  0],\n",
       "       [92,  7,  0],\n",
       "       [92,  0,  2],\n",
       "       [92, 17,  2],\n",
       "       [93, 16,  1],\n",
       "       [93,  3,  2],\n",
       "       [93, 17,  2],\n",
       "       [94, 13,  2],\n",
       "       [94, 17,  1],\n",
       "       [94,  6,  2],\n",
       "       [95,  5,  2],\n",
       "       [95, 13,  2],\n",
       "       [95,  1,  2],\n",
       "       [96, 13,  1],\n",
       "       [96, 12,  2],\n",
       "       [96, 13,  1],\n",
       "       [97, 17,  2],\n",
       "       [97, 14,  2],\n",
       "       [97, 12,  2],\n",
       "       [98,  8,  0],\n",
       "       [98, 12,  0],\n",
       "       [98,  0,  0],\n",
       "       [99, 12,  1],\n",
       "       [99,  1,  0],\n",
       "       [99,  2,  1]], dtype=int32)"
      ]
     },
     "execution_count": 700,
     "metadata": {},
     "output_type": "execute_result"
    }
   ],
   "source": [
    "m"
   ]
  },
  {
   "cell_type": "code",
   "execution_count": 701,
   "id": "promotional-celtic",
   "metadata": {},
   "outputs": [],
   "source": [
    "learned_t_C, learned_parameters = ds.m_fit_and_compute_consensus(m, t, k, w)"
   ]
  },
  {
   "cell_type": "code",
   "execution_count": 702,
   "id": "african-plenty",
   "metadata": {},
   "outputs": [
    {
     "name": "stderr",
     "output_type": "stream",
     "text": [
      "INFO:cmdstanpy:found newer exe file, not recompiling\n",
      "INFO:cmdstanpy:compiled model file: /home/cerquide/prj/crowdnalysis/src/crowdnalysis/cmdstan/DS.fit_and_consensus\n",
      "INFO:cmdstanpy:start chain 1\n",
      "INFO:cmdstanpy:finish chain 1\n"
     ]
    }
   ],
   "source": [
    "\n",
    "learned_t_C_stan, learned_parameters_stan = stan_ds.m_fit_and_compute_consensus(m, t, k, w)"
   ]
  },
  {
   "cell_type": "code",
   "execution_count": 703,
   "id": "optical-consideration",
   "metadata": {},
   "outputs": [
    {
     "name": "stderr",
     "output_type": "stream",
     "text": [
      "INFO:cmdstanpy:found newer exe file, not recompiling\n",
      "INFO:cmdstanpy:compiled model file: /home/cerquide/prj/crowdnalysis/src/crowdnalysis/cmdstan/DSEtaH.fit_and_consensus\n",
      "INFO:cmdstanpy:start chain 1\n",
      "INFO:cmdstanpy:finish chain 1\n"
     ]
    },
    {
     "name": "stdout",
     "output_type": "stream",
     "text": [
      "{'tau': array([0.0793383, 0.247531 , 0.673131 ]), 'eta': array([[10.7435  ,  3.30404 ],\n",
      "       [ 1.41556 ,  3.35297 ],\n",
      "       [ 1.99463 ,  0.690085]]), 'pi': array([[[9.75303e-01, 1.70983e-05, 2.46798e-02],\n",
      "        [2.93792e-01, 6.86581e-01, 1.96270e-02],\n",
      "        [1.21661e-01, 7.90361e-02, 7.99303e-01]],\n",
      "\n",
      "       [[9.70451e-01, 1.93867e-05, 2.95292e-02],\n",
      "        [2.68049e-01, 7.07026e-01, 2.49256e-02],\n",
      "        [3.09120e-02, 2.68307e-01, 7.00781e-01]],\n",
      "\n",
      "       [[9.64248e-01, 2.28736e-05, 3.57296e-02],\n",
      "        [1.89775e-01, 8.01985e-01, 8.24024e-03],\n",
      "        [1.44295e-01, 5.26617e-01, 3.29088e-01]],\n",
      "\n",
      "       [[9.70622e-01, 2.74825e-05, 2.93510e-02],\n",
      "        [9.06291e-02, 8.78152e-01, 3.12189e-02],\n",
      "        [9.95022e-02, 4.17271e-01, 4.83227e-01]],\n",
      "\n",
      "       [[9.64301e-01, 2.26700e-05, 3.56766e-02],\n",
      "        [2.87545e-01, 7.00669e-01, 1.17855e-02],\n",
      "        [2.49619e-01, 2.52362e-01, 4.98019e-01]],\n",
      "\n",
      "       [[9.64403e-01, 2.19227e-05, 3.55754e-02],\n",
      "        [1.02802e-01, 8.78210e-01, 1.89886e-02],\n",
      "        [2.99652e-02, 1.40965e-01, 8.29070e-01]],\n",
      "\n",
      "       [[9.74806e-01, 1.72156e-05, 2.51773e-02],\n",
      "        [1.34951e-01, 8.24961e-01, 4.00882e-02],\n",
      "        [2.13894e-02, 2.22468e-01, 7.56143e-01]],\n",
      "\n",
      "       [[8.49260e-01, 6.97916e-06, 1.50733e-01],\n",
      "        [3.57911e-01, 6.23846e-01, 1.82431e-02],\n",
      "        [1.32255e-01, 4.55904e-01, 4.11842e-01]],\n",
      "\n",
      "       [[9.83326e-01, 1.18381e-05, 1.66625e-02],\n",
      "        [3.39928e-01, 6.39924e-01, 2.01478e-02],\n",
      "        [5.76405e-02, 5.12785e-01, 4.29574e-01]],\n",
      "\n",
      "       [[9.70359e-01, 1.80414e-05, 2.96226e-02],\n",
      "        [9.07255e-02, 8.91626e-01, 1.76481e-02],\n",
      "        [2.28575e-02, 1.06813e-01, 8.70330e-01]],\n",
      "\n",
      "       [[9.70117e-01, 1.91750e-05, 2.98636e-02],\n",
      "        [2.72712e-01, 6.83144e-01, 4.41441e-02],\n",
      "        [1.93989e-01, 1.72919e-01, 6.33092e-01]],\n",
      "\n",
      "       [[9.74218e-01, 1.72960e-05, 2.57646e-02],\n",
      "        [2.70944e-01, 7.06404e-01, 2.26514e-02],\n",
      "        [4.27438e-02, 2.93024e-01, 6.64233e-01]],\n",
      "\n",
      "       [[9.19855e-01, 4.65767e-05, 8.00989e-02],\n",
      "        [1.04620e-01, 8.48981e-01, 4.63985e-02],\n",
      "        [1.29005e-01, 1.49680e-01, 7.21315e-01]],\n",
      "\n",
      "       [[9.63318e-01, 2.43086e-05, 3.66577e-02],\n",
      "        [2.69343e-01, 7.09267e-01, 2.13896e-02],\n",
      "        [3.09637e-02, 3.73397e-01, 5.95639e-01]],\n",
      "\n",
      "       [[9.70208e-01, 1.95891e-05, 2.97728e-02],\n",
      "        [2.45793e-01, 7.37256e-01, 1.69511e-02],\n",
      "        [3.27367e-02, 2.15304e-01, 7.51959e-01]],\n",
      "\n",
      "       [[9.75227e-01, 1.69796e-05, 2.47562e-02],\n",
      "        [1.00459e-01, 8.79686e-01, 1.98554e-02],\n",
      "        [2.51921e-02, 4.66777e-01, 5.08031e-01]],\n",
      "\n",
      "       [[9.74882e-01, 1.67426e-05, 2.51018e-02],\n",
      "        [1.11591e-01, 8.56574e-01, 3.18353e-02],\n",
      "        [5.76835e-02, 5.81596e-01, 3.60720e-01]],\n",
      "\n",
      "       [[9.70176e-01, 1.99786e-05, 2.98038e-02],\n",
      "        [1.11323e-01, 8.56524e-01, 3.21530e-02],\n",
      "        [2.35457e-01, 1.76171e-01, 5.88372e-01]],\n",
      "\n",
      "       [[9.70386e-01, 1.94726e-05, 2.95948e-02],\n",
      "        [1.48833e-01, 8.30908e-01, 2.02586e-02],\n",
      "        [3.25558e-02, 4.30593e-01, 5.36851e-01]],\n",
      "\n",
      "       [[9.66909e-01, 4.61443e-05, 3.30452e-02],\n",
      "        [1.59891e-01, 7.16442e-01, 1.23666e-01],\n",
      "        [1.74184e-01, 4.24662e-01, 4.01154e-01]]]), 'pi_h': array([[9.64547e-01, 2.08210e-05, 3.54322e-02],\n",
      "       [1.90010e-01, 7.82614e-01, 2.73761e-02],\n",
      "       [8.30875e-02, 3.06262e-01, 6.10651e-01]]), 'log_p_t_C': array([[-27.4331 ,  -5.06849,  -2.38199],\n",
      "       [-28.0282 ,  -5.11648,  -2.23009],\n",
      "       [-20.9133 , -10.2144 ,  -1.98485],\n",
      "       [-24.139  ,  -3.49283,  -5.82666],\n",
      "       [-12.5878 ,  -4.80931,  -4.38774],\n",
      "       [-19.5604 ,  -9.27383,  -2.26462],\n",
      "       [-16.898  ,  -7.71027,  -2.57147],\n",
      "       [-35.3637 ,  -2.10075,  -2.69964],\n",
      "       [-20.4221 ,  -9.31045,  -1.73285],\n",
      "       [-24.2637 ,  -3.20298,  -6.3199 ],\n",
      "       [-20.1829 ,  -8.29729,  -2.36846],\n",
      "       [ -2.61966,  -6.11576,  -5.58851],\n",
      "       [-16.9393 ,  -7.40984,  -4.12737],\n",
      "       [ -9.94306, -10.7367 ,  -3.75214],\n",
      "       [ -6.98105, -10.666  ,  -3.05584],\n",
      "       [-28.8812 ,  -6.07656,  -2.14073],\n",
      "       [-13.4317 , -12.8401 ,  -2.37775],\n",
      "       [-20.0538 ,  -9.63392,  -2.42971],\n",
      "       [-17.2106 ,  -6.03019,  -4.28483],\n",
      "       [-33.9939 ,  -1.81806,  -3.931  ],\n",
      "       [-27.5885 ,  -5.38844,  -3.30007],\n",
      "       [-34.767  ,  -2.2186 ,  -3.43331],\n",
      "       [-24.1053 ,  -3.23652,  -4.25525],\n",
      "       [ -8.74756, -10.4496 ,  -2.57785],\n",
      "       [-28.7687 ,  -5.33506,  -2.95405],\n",
      "       [-20.257  ,  -9.49413,  -1.63273],\n",
      "       [-20.3841 , -10.029  ,  -1.77379],\n",
      "       [-28.9032 ,  -5.43351,  -2.47359],\n",
      "       [ -4.46922,  -7.78506,  -7.28899],\n",
      "       [-33.9737 ,  -1.98942,  -5.17077],\n",
      "       [-21.308  ,  -8.67237,  -2.06228],\n",
      "       [ -9.59723, -11.9118 ,  -3.12735],\n",
      "       [ -2.60661,  -5.88135, -10.5135 ],\n",
      "       [-35.0652 ,  -1.8463 ,  -5.51046],\n",
      "       [ -9.60393, -11.3722 ,  -3.11908],\n",
      "       [ -2.61481,  -7.99296,  -9.40104],\n",
      "       [-19.8861 , -10.4987 ,  -2.43133],\n",
      "       [-35.0101 ,  -1.96418,  -4.27637],\n",
      "       [-13.273  , -13.1139 ,  -2.3171 ],\n",
      "       [-26.1852 ,  -4.94017,  -2.58163],\n",
      "       [-25.4069 ,  -3.07528,  -4.79672],\n",
      "       [-20.321  ,  -8.55378,  -2.87405],\n",
      "       [ -9.5978 , -10.4037 ,  -2.65474],\n",
      "       [-27.8694 ,  -5.41163,  -3.28425],\n",
      "       [-17.0811 ,  -6.8875 ,  -2.71663],\n",
      "       [-16.9635 ,  -6.91759,  -3.83774],\n",
      "       [-13.3075 ,  -9.91973,  -1.86828],\n",
      "       [-27.9188 ,  -5.66826,  -2.76502],\n",
      "       [-27.7142 ,  -5.70019,  -1.96784],\n",
      "       [-12.2304 , -11.6915 ,  -1.66201],\n",
      "       [-24.2381 ,  -3.18597,  -5.68714],\n",
      "       [-19.8752 ,  -9.43649,  -2.33861],\n",
      "       [-28.0343 ,  -5.71636,  -1.83858],\n",
      "       [-28.7386 ,  -5.14324,  -3.37473],\n",
      "       [-12.2565 , -11.3511 ,  -2.27254],\n",
      "       [-16.9041 ,  -4.91286,  -7.02084],\n",
      "       [-24.1759 ,  -2.92966,  -5.83071],\n",
      "       [ -9.65463, -13.3681 ,  -2.3575 ],\n",
      "       [ -9.96115, -10.8884 ,  -3.8725 ],\n",
      "       [-13.2358 ,  -4.21554,  -5.22876],\n",
      "       [-24.0796 ,  -3.31008,  -6.92827],\n",
      "       [-25.4205 ,  -3.2956 ,  -3.58315],\n",
      "       [-13.2567 , -12.7382 ,  -1.82693],\n",
      "       [-13.2774 , -13.0561 ,  -1.11427],\n",
      "       [-24.7361 ,  -3.22582,  -4.46363],\n",
      "       [-35.1538 ,  -2.04937,  -2.46489],\n",
      "       [ -9.5994 , -11.0673 ,  -2.9569 ],\n",
      "       [-35.038  ,  -1.92657,  -3.31538],\n",
      "       [ -2.61533,  -7.39998, -11.0081 ],\n",
      "       [-19.5463 ,  -9.45471,  -2.70654],\n",
      "       [-13.44   , -12.2356 ,  -1.25492],\n",
      "       [-20.3553 ,  -9.60688,  -2.4328 ],\n",
      "       [-27.4434 ,  -3.77114,  -2.72522],\n",
      "       [-18.5615 ,  -8.8373 ,  -1.71784],\n",
      "       [-20.4078 ,  -9.09613,  -2.05388],\n",
      "       [-20.5569 ,  -8.74875,  -1.68001],\n",
      "       [-20.7245 ,  -7.888  ,  -1.67446],\n",
      "       [-23.9838 ,  -2.86575,  -5.61303],\n",
      "       [-16.9437 ,  -6.68114,  -3.45482],\n",
      "       [ -5.11719,  -7.52485,  -4.57666],\n",
      "       [-20.6122 ,  -7.06176,  -3.09078],\n",
      "       [ -2.59773,  -5.45919,  -9.52767],\n",
      "       [-20.7326 ,  -8.80484,  -1.3562 ],\n",
      "       [-16.4364 ,  -6.74638,  -3.13804],\n",
      "       [-24.3888 ,  -2.95228,  -4.06192],\n",
      "       [-34.4103 ,  -2.0368 ,  -4.99193],\n",
      "       [-17.3506 ,  -7.18346,  -3.81795],\n",
      "       [ -9.22984, -11.3433 ,  -3.47996],\n",
      "       [-34.159  ,  -2.12817,  -4.16385],\n",
      "       [-23.3853 ,  -3.11113,  -5.2186 ],\n",
      "       [-34.794  ,  -1.93199,  -3.83893],\n",
      "       [ -2.61455,  -7.20373, -10.4064 ],\n",
      "       [ -9.91231,  -9.79179,  -3.17325],\n",
      "       [-20.5731 ,  -8.45502,  -2.19546],\n",
      "       [-20.3428 ,  -8.61262,  -2.92976],\n",
      "       [-12.6986 , -12.8968 ,  -1.45695],\n",
      "       [-26.3079 ,  -5.15375,  -2.69272],\n",
      "       [-12.0858 , -11.9814 ,  -1.53796],\n",
      "       [ -2.6594 ,  -5.95754,  -7.40376],\n",
      "       [-23.224  ,  -3.09719,  -6.41296]]), 't_C': array([[1.23547e-11, 6.37743e-02, 9.36226e-01],\n",
      "       [5.92177e-12, 5.28309e-02, 9.47169e-01],\n",
      "       [6.01700e-09, 2.66595e-04, 9.99733e-01],\n",
      "       [9.84731e-10, 9.11641e-01, 8.83594e-02],\n",
      "       [1.65819e-04, 3.96075e-01, 6.03759e-01],\n",
      "       [3.07725e-08, 9.02703e-04, 9.99097e-01],\n",
      "       [5.96409e-07, 5.83053e-03, 9.94169e-01],\n",
      "       [2.31166e-15, 6.45401e-01, 3.54599e-01],\n",
      "       [7.64060e-09, 5.11528e-04, 9.99488e-01],\n",
      "       [6.83335e-10, 9.57585e-01, 4.24146e-02],\n",
      "       [1.82858e-08, 2.65454e-03, 9.97345e-01],\n",
      "       [9.24490e-01, 2.80262e-02, 4.74836e-02],\n",
      "       [2.62925e-06, 3.61775e-02, 9.63820e-01],\n",
      "       [2.04188e-03, 9.23362e-04, 9.97035e-01],\n",
      "       [1.93465e-02, 4.85569e-04, 9.80168e-01],\n",
      "       [2.38988e-12, 1.91554e-02, 9.80845e-01],\n",
      "       [1.58240e-05, 2.85917e-05, 9.99956e-01],\n",
      "       [2.21621e-08, 7.42898e-04, 9.99257e-01],\n",
      "       [2.07275e-06, 1.48632e-01, 8.51366e-01],\n",
      "       [9.47656e-15, 8.92154e-01, 1.07846e-01],\n",
      "       [2.51729e-11, 1.10233e-01, 8.89767e-01],\n",
      "       [5.64343e-15, 7.71131e-01, 2.28869e-01],\n",
      "       [6.35199e-10, 7.34727e-01, 2.65273e-01],\n",
      "       [2.08667e-03, 3.80440e-04, 9.97533e-01],\n",
      "       [5.62933e-12, 8.46328e-02, 9.15367e-01],\n",
      "       [8.15502e-09, 3.85185e-04, 9.99615e-01],\n",
      "       [8.27083e-09, 2.59822e-04, 9.99740e-01],\n",
      "       [3.16089e-12, 4.92696e-02, 9.50730e-01],\n",
      "       [9.12473e-01, 3.31260e-02, 5.44010e-02],\n",
      "       [1.23512e-14, 9.60126e-01, 3.98737e-02],\n",
      "       [4.37631e-09, 1.34490e-03, 9.98655e-01],\n",
      "       [1.54678e-03, 1.52842e-04, 9.98300e-01],\n",
      "       [9.63210e-01, 3.64350e-02, 3.54665e-04],\n",
      "       [3.64930e-15, 9.75014e-01, 2.49856e-02],\n",
      "       [1.52367e-03, 2.59988e-04, 9.98216e-01],\n",
      "       [9.94287e-01, 4.58997e-03, 1.12277e-03],\n",
      "       [2.62640e-08, 3.13523e-04, 9.99686e-01],\n",
      "       [4.04876e-15, 9.09882e-01, 9.01182e-02],\n",
      "       [1.74535e-05, 2.04650e-05, 9.99962e-01],\n",
      "       [5.12713e-11, 8.63895e-02, 9.13610e-01],\n",
      "       [1.69843e-10, 8.48314e-01, 1.51686e-01],\n",
      "       [2.63885e-08, 3.40283e-03, 9.96597e-01],\n",
      "       [9.63965e-04, 4.30592e-04, 9.98605e-01],\n",
      "       [1.87894e-11, 1.06464e-01, 8.93536e-01],\n",
      "       [5.68747e-07, 1.52041e-02, 9.84795e-01],\n",
      "       [1.90556e-06, 4.39458e-02, 9.56052e-01],\n",
      "       [1.07609e-05, 3.18532e-04, 9.99671e-01],\n",
      "       [1.12894e-11, 5.19936e-02, 9.48006e-01],\n",
      "       [6.43026e-12, 2.33769e-02, 9.76623e-01],\n",
      "       [2.57144e-05, 4.40781e-05, 9.99930e-01],\n",
      "       [6.65191e-10, 9.24224e-01, 7.57762e-02],\n",
      "       [2.41878e-08, 8.26175e-04, 9.99174e-01],\n",
      "       [4.11574e-12, 2.02772e-02, 9.79723e-01],\n",
      "       [8.24549e-12, 1.45728e-01, 8.54272e-01],\n",
      "       [4.61284e-05, 1.14063e-04, 9.99840e-01],\n",
      "       [5.52671e-06, 8.91671e-01, 1.08323e-01],\n",
      "       [5.61861e-10, 9.47898e-01, 5.21016e-02],\n",
      "       [6.77011e-04, 1.65144e-05, 9.99306e-01],\n",
      "       [2.26131e-03, 8.94703e-04, 9.96844e-01],\n",
      "       [8.87167e-05, 7.33583e-01, 2.66328e-01],\n",
      "       [9.29854e-10, 9.73870e-01, 2.61302e-02],\n",
      "       [1.40681e-10, 5.71396e-01, 4.28604e-01],\n",
      "       [1.08666e-05, 1.82515e-05, 9.99971e-01],\n",
      "       [5.21937e-06, 6.51243e-06, 9.99988e-01],\n",
      "       [3.52870e-10, 7.75183e-01, 2.24817e-01],\n",
      "       [2.52821e-15, 6.02409e-01, 3.97591e-01],\n",
      "       [1.30168e-03, 2.99921e-04, 9.98398e-01],\n",
      "       [3.33592e-15, 8.00401e-01, 1.99599e-01],\n",
      "       [9.91490e-01, 8.28588e-03, 2.24582e-04],\n",
      "       [4.85366e-08, 1.17165e-03, 9.98828e-01],\n",
      "       [5.10597e-06, 1.70270e-05, 9.99978e-01],\n",
      "       [1.64443e-08, 7.65604e-04, 9.99234e-01],\n",
      "       [1.36222e-11, 2.60011e-01, 7.39989e-01],\n",
      "       [4.83669e-08, 8.08552e-04, 9.99191e-01],\n",
      "       [1.06809e-08, 8.73391e-04, 9.99127e-01],\n",
      "       [6.33165e-09, 8.50575e-04, 9.99149e-01],\n",
      "       [5.31859e-09, 1.99812e-03, 9.98002e-01],\n",
      "       [6.33205e-10, 9.39760e-01, 6.02402e-02],\n",
      "       [1.33337e-06, 3.81870e-02, 9.61812e-01],\n",
      "       [3.56260e-01, 3.20723e-02, 6.11668e-01],\n",
      "       [2.41224e-08, 1.85061e-02, 9.81494e-01],\n",
      "       [9.45034e-01, 5.40417e-02, 9.24292e-04],\n",
      "       [3.84306e-09, 5.81897e-04, 9.99418e-01],\n",
      "       [1.63304e-06, 2.63820e-02, 9.73616e-01],\n",
      "       [3.68551e-10, 7.52061e-01, 2.47939e-01],\n",
      "       [8.28556e-15, 9.50505e-01, 4.94949e-02],\n",
      "       [1.28267e-06, 3.33910e-02, 9.66608e-01],\n",
      "       [3.17186e-03, 3.83205e-04, 9.96445e-01],\n",
      "       [1.08613e-14, 8.84493e-01, 1.15507e-01],\n",
      "       [1.39704e-09, 8.91626e-01, 1.08374e-01],\n",
      "       [4.65635e-15, 8.70675e-01, 1.29325e-01],\n",
      "       [9.89536e-01, 1.00549e-02, 4.08752e-04],\n",
      "       [1.18078e-03, 1.33202e-03, 9.97487e-01],\n",
      "       [1.04195e-08, 1.90844e-03, 9.98092e-01],\n",
      "       [2.72977e-08, 3.39228e-03, 9.96608e-01],\n",
      "       [1.31155e-05, 1.07573e-05, 9.99976e-01],\n",
      "       [5.11088e-11, 7.86355e-02, 9.21364e-01],\n",
      "       [2.62486e-05, 2.91378e-05, 9.99945e-01],\n",
      "       [9.56341e-01, 3.53383e-02, 8.32070e-03],\n",
      "       [1.75212e-09, 9.64966e-01, 3.50340e-02]])}\n"
     ]
    }
   ],
   "source": [
    "\n",
    "learned_t_C_eta_stan, learned_parameters_eta_stan = stan_dsetah.m_fit_and_compute_consensus(m, t, k, w)\n",
    "print(learned_parameters_eta_stan)"
   ]
  },
  {
   "cell_type": "code",
   "execution_count": 704,
   "id": "fuzzy-swiss",
   "metadata": {},
   "outputs": [],
   "source": [
    "def err_rate(t_C, t_C_m):\n",
    "    max_t_C_m = np.argmax(t_C_m,axis=1)\n",
    "    #print(max_t_C_m)\n",
    "    return 1-(np.sum(t_C==max_t_C_m)/len(t_C))\n",
    "def log_score(t_C, t_C_m):\n",
    "    f = t_C_m.flatten()\n",
    "    start = k*np.arange(t)\n",
    "    return np.sum(np.log(f[start+t_C]))\n",
    "\n",
    "def evaluate_ds_model(real_parameters, learned_parameters, w, k):\n",
    "    d = {}\n",
    "    d[\"tau_kl\"] = entropy(learned_parameters[\"tau\"],qk=real_parameters[\"tau\"], base=2)\n",
    "    d[\"pi_kl\"] = np.zeros((w, k))\n",
    "    for _w in range(w):\n",
    "        for _k in range(k):\n",
    "             d[\"pi_kl\"][_w,_k] = entropy(learned_parameters[\"pi\"][_w,_k],qk=real_parameters[\"pi\"][_w,_k], base=2)\n",
    "    return d\n",
    "            "
   ]
  },
  {
   "cell_type": "code",
   "execution_count": 705,
   "id": "uniform-audio",
   "metadata": {},
   "outputs": [
    {
     "name": "stdout",
     "output_type": "stream",
     "text": [
      "err rate: 0.31999999999999995\n",
      "log score: -94.74458194001244\n",
      "{'tau_kl': 0.04517487516520644, 'pi_kl': array([[6.57887471e-01, 9.92544496e-01, 2.11559433e-01],\n",
      "       [1.67416040e+00, 1.38416715e+00, 3.62586271e-01],\n",
      "       [1.66749183e+00, 1.82532777e-01, 2.93264815e-01],\n",
      "       [1.05098128e+00, 2.60605452e+00, 7.59656505e-01],\n",
      "       [1.10382834e-01, 6.27111287e-02, 3.85896176e-03],\n",
      "       [2.52305752e-01, 1.43901195e+00, 9.61419428e-01],\n",
      "       [5.77071955e-02, 4.45286326e+00, 7.03169913e-02],\n",
      "       [4.08453923e-02, 8.23927626e-02, 1.59714275e-01],\n",
      "       [1.81202081e+00, 1.90910142e+00, 8.14421871e-01],\n",
      "       [3.30486446e-01, 3.42281526e-01, 6.81547754e-01],\n",
      "       [2.08766787e+00, 1.03388480e-01, 1.18750888e-01],\n",
      "       [1.85813876e+00, 4.39695769e-02, 5.04175019e-01],\n",
      "       [3.60338279e+00, 4.53616607e-01, 9.05046194e-02],\n",
      "       [1.62740245e-01, 1.84472909e+00, 1.00629600e+00],\n",
      "       [2.30519680e-01, 2.93957369e-01, 7.35529399e-02],\n",
      "       [3.26948548e+00, 2.84765631e+00, 8.54172423e-02],\n",
      "       [1.40435317e+00, 1.51233969e+00, 3.95269908e-01],\n",
      "       [9.52089916e-01, 1.45850188e-02, 4.84171305e-02],\n",
      "       [3.23160311e+00, 2.24571886e+00, 2.46049452e-01],\n",
      "       [1.09324095e+00, 3.62684294e-01, 1.59831736e-01]])}\n",
      "55.77040890926744\n"
     ]
    }
   ],
   "source": [
    "print(\"err rate:\", err_rate(t_C,learned_t_C))\n",
    "print(\"log score:\", log_score(t_C, learned_t_C))\n",
    "r = evaluate_ds_model(real_parameters, learned_parameters, w, k)\n",
    "print (r)\n",
    "print(np.sum(r[\"pi_kl\"]))"
   ]
  },
  {
   "cell_type": "code",
   "execution_count": 706,
   "id": "early-grain",
   "metadata": {},
   "outputs": [
    {
     "name": "stdout",
     "output_type": "stream",
     "text": [
      "err rate: 0.16000000000000003\n",
      "log score: -382.2538512808943\n",
